12395472	859	752
12646932	2	7
14557685	32	29
14956457	101	89
15796238	948	781
15873755	110	68
15974627	11	2
16475963	3	9
19035900	179	129
22046300	27	124
23010506	14	28
26037043	11	10
26212831	21	20
27402198	3149	3280
27600639	10	7
28323384	29	35
29066703	18	23
29450768	28	25
33012796	1	19
33632275	67	70
34187413	7	4
34285243	7	0
34460329	7	3
34523293	6	9
34524283	10	1
34533319	6	3
34722346	548	485
39495674	4826	4454
40019915	19	12
40177901	129	50
40203668	118	144
40528352	6	1
40787021	12	36
41379724	92	60
41493745	25	20
42746653	6	1
42908446	19	21
43988634	6	72
44010204	7	12
45529947	1	10
48603442	5	1
48701371	12	6
49121329	221	10
51598995	5	11
55066016	2	1
55350281	14	32
55770005	15	17
55922501	33	15
56524645	32	82
56591830	25	35
57453418	7	17
57560338	7	19
57632518	7	19
57685006	4	0
58045645	15	39
58061935	3	1
58079170	9	20
58282677	61	101
58563459	160	94
58590378	10	14
58999203	2	8
59098806	8	19
59159457	14	21
59229729	196	65
59394762	5	18
59575059	8	6
59689008	0	2
59708484	2	2
59751486	1	0
59819913	3	20
59843871	985	1938
59880906	4	8
59906178	35	91
59919237	7	20
59944086	0	1
60008067	116	679
60282261	5	17
60546051	1	0
60811119	16	39
61039503	5	16
61117245	10	14
61146009	1	0
61231608	2	11
61334550	1	2
61351083	2	4
61407090	6	31
8694842	301	218
11819222	45	38
14737677	2601	2593
14999109	2130	2535
15399951	1936	2544
15843498	768	621
17016230	4	31
18886847	3	7
19007614	9	9
19236133	63	70
19465003	358	420
26614520	15	7
27256633	24	33
29454585	35	62
29935536	21	95
30172227	9	7
30228243	51	40
30304554	61	62
31028523	6	0
31033491	15	10
31602552	180	68
33330965	22	57
33559322	111	201
34045727	27	21
34195433	1725	1761
34295036	27	29
34361375	3	5
34442285	36	29
34456073	10	1
34474217	9	3
34516580	15	3
40608444	60	45
41144996	312	9
41687237	3	0
41759291	14	15
42724595	9	0
42764258	4	1
43598395	3	0
43748947	7	2
43781878	4	0
47621031	145	178
48225128	28	1
48560630	10	18
49042454	16	28
49921061	110	391
51071233	1138	2965
5274961	189	398
5537752	37	67
55590123	9	10
55620732	19	0
56256752	44	41
56304758	13	9
56484533	2	5
56757305	2	20
56936045	51	46
56962343	39	207
57189134	1	15
57539342	11	181
57551483	8	10
57763190	30	53
57854504	0	2
57914732	10	0
57962720	72	380
58009691	15	29
58063682	23	30
58142765	15	62
58259593	6	4
58493764	8	31
58585339	11	2
58609972	9	0
58691737	2	7
58698163	1	7
58844746	1	2
58913929	4	15
58936816	4	21
58963474	19	98
59109589	42	1
59255587	3	6
59387608	0	1
59661991	0	1
59747815	5	15
59773852	5	17
59787181	5	10
59792239	1	2
59807818	3	19
59861827	11	4
59936158	7	8
59942593	8	28
60135571	4	4
60208552	8	16
60211297	101	107
60215464	19	22
60246019	6	3
60247261	7	20
60264640	45	11
60380155	705	988
60411475	1	4
60486103	5	6
60603625	7	44
60665410	8	22
60711373	5	3
60770035	43	164
60910507	5	21
60912352	1	7
60945013	4	19
61107454	9	8
61119244	11	0
61180336	4	7
61305355	4	17
61514182	3	2
61530346	0	1
14799823	121	82
14854786	4	3
15496279	67	56
17779992	757	1926
18298959	521	227
2029941	45	20
23778697	21	11
26228106	20	19
27240488	5	11
27256661	55	25
27502856	45	76
27917540	65	57
29119571	257	347
29278151	195	135
29918662	83	54
31624081	7	2
34154493	6	1
34161747	8	2
34194624	4	8
34253376	40	57
34355427	6	9
34409526	8	5
34453860	20	21
36946490	106	46
3916611	1378	935
39988291	4	5
40862173	6	1
42731679	3	0
42793563	6	0
43258988	2	2
43786685	31	32
44001170	67	90
44297498	3	0
44787575	16	24
4668371	203	124
47070313	4462	4266
48160527	12	16
49431507	15	18
49484040	40	37
53272031	11	34
54343615	89	129
55321681	3	0
55812523	56	20
55870024	5	1
56225739	3	0
56748333	10	1
56807454	5	3
56850357	7	9
56956233	19	89
57181458	10	11
57229383	0	1
57394317	14	23
57429543	2	3
57742167	7	20
57933048	34	13
58133955	6	2
58676294	5	11
58727369	1	1
58786562	7	24
58999106	8	60
59058497	5	17
59118986	7	20
59464397	4	28
59569166	53	19
59732399	5	20
59805398	3	0
59915378	44	0
59950397	56	26
60086036	6	19
60169151	3	9
60230279	2	6
60426092	1	28
60454730	40	235
60466205	2	5
60466340	1	4
60666221	5	8
60670406	9	36
60748040	6	31
60793004	3	6
60930362	5	32
60944420	4	7
61047074	14	1
61071365	11	30
61072085	5	18
61082417	5	12
61095323	29	46
61101956	4	32
61118138	23	49
61129451	25	123
61141952	3	6
61160591	2	4
61165352	4	17
61247135	6	12
61324571	1	2
61329260	5	20
61410575	2	20
61508900	30	601
16516898	109	45
17160412	21	9
18500026	21	20
19412526	18	17
19752321	9	14
20637798	27	32
20885694	3	3
21857559	125	10
23016053	57	38
25461190	3	5
26081083	1	0
26111278	68	24
26412049	70	107
265153	66	0
27231984	14	21
27820386	19	26
28007685	12	17
28753137	33679	7
33374338	16	10
33547075	137	79
33590275	43	56
34177282	6	13
34266346	0	3
34374526	4	4
34426933	124	118
35794671	58	74
37666787	12	8
37785839	7	1
40554059	9	13
41662894	4	0
41756719	6	3
42767734	490	247
42807766	3	0
46226411	8	0
48412609	22	49
48803371	5	0
51124326	10	25
51302733	3	5
51600255	45	41
54072842	14	69
54312908	59	107
55413293	16	31
55644350	1295	2263
56436475	5	1
56610886	5	10
56858710	1	1
56865604	3	3
56921548	0	1
56942572	3	4
57399331	17	37
57505666	1	1
57808552	2	1
57916417	113	135
57922771	5	8
58039645	1	1
58149922	9	26
58153774	75	137
58165681	66	82
58196920	2	1
58492479	0	1
58596843	4	8
58744299	3	0
58938357	10	30
59386449	18	48
59409669	4	4
59647179	2	7
59652768	12	9
59659428	3	2
59675475	6	20
59686392	6	7
59805759	15	56
59902986	2	4
59952864	5	20
60063177	65	179
60152286	5	20
60160467	16	13
60171555	19	63
60254652	29	34
60268071	22	73
60282561	10	18
60328137	0	2
60371823	1	11
60387231	24	78
60605409	2	2
60653352	8	19
60661452	2	10
60716253	5	21
60743712	13	29
60811257	5	20
60835503	37	51
61195620	6	6
61207257	15	60
61306392	7	18
61383810	9	32
61400379	47	295
61464072	4	18
25052654	3	6
25434461	52	30
25511861	157	89
26435090	27	24
26460056	14	63
27259813	88	66
27908335	20	19
28159075	13	41
28504909	13	4
30800925	15	19
31092543	198	444
31460328	3	1
34339175	36	43
34397531	7	0
34442954	144	89
34465643	10	5
34497620	16	29
34510967	44	64
34533188	7	8
34542296	29	33
35829718	13	16
38759757	4	0
40076277	4	0
40495290	46	224
41754965	5	0
41896373	9	4
42738863	6	1
43967785	4	5
45140131	35	68
46012563	12	0
48538511	4	2
48803048	8	0
49104359	10	10
49302566	3	11
49461308	134	8
55028805	7	1
55473450	26	26
55633443	129	28
55903371	13	20
56290379	5	16
56445746	7	7
56716673	11	0
56739524	1	0
56854517	3	16
56874614	8	9
56928209	4	1
57207578	7	23
57309935	3	15
57393923	2	21
57438923	33	36
57439832	25	23
57666065	8	22
57683831	3	1
58073459	3	22
58628668	2	18
58642996	3	19
58649449	2	6
58807678	0	1
58866583	33	83
59293867	4	20
59389906	145	1
59439883	9	27
59508976	242	1639
59662489	12	19
59824894	6	20
59863279	8	9
59918980	9	1
59979505	6	35
60158227	10	2
60184606	10	17
60303982	6	19
60318085	1	5
60360358	7	21
60633355	93	3
60950047	5	14
61057462	8	22
61093318	32	223
61256470	11	18
61333078	23	58
61336516	5	4
61344922	5	8
61350187	5	21
61364533	1	4
61395133	1	18
61445560	2	3
61479004	1	5
7785972	444	2
15638995	109	0
15798493	10	0
15983956	696	185
17010663	23	104
17360016	83	97
18213630	18	74
18320091	84	12
22214326	1	0
23133514	31	34
24154132	4	4
25591350	418	643
26073660	48	166
2694621	2282	1900
27142796	10	9
28257392	16	21
28305893	12	10
29336690	13	17
31061476	15	37
31255255	27	15
31600792	19	27
32345272	41	57
34195266	2	0
34244946	6	3
34273377	12	38
34276707	4	7
34296741	1	4
34356375	2	4
34453917	2	2
34504956	17	27
34529652	1640	1794
34543179	20	7
35592668	90	57
39959287	74	102
40645663	11	13
41855577	10	1
41862948	20	7
42798651	9	0
43789694	38	43
43968974	36	31
45721513	49	136
46270531	8	0
47383120	35	102
48744225	2	2
48796200	43	71
49527513	1	30
53784232	3	1
54131974	13	20
55035475	19	42
55726180	6	0
56086269	12	34
56297490	37	29
57159294	75	254
57817392	4	3
57862077	42	215
57893127	2	5
57943815	0	15
58121799	0	19
58919369	7	20
58995680	10	31
59377667	3	3
59453897	2	9
59478683	3	9
59555768	0	7
59683766	1	2
59845973	274	789
59864486	0	20
59889254	52	76
59967563	0	1
60101798	7	18
60158723	6	18
60159128	7	14
60486323	4	35
60506690	5	12
60626282	1	1
60686303	2	3
60711269	41	129
60750068	25	130
60753038	2	0
60841265	1	1
60900809	24	88
60983141	11	56
60984212	3	0
60988001	4	20
61111886	4	24
61149344	36	25
61261295	5	18
6887162	47	0
14919689	25	34
16920223	167	80
18225412	42	43
19058316	11	12
19075146	152	213
19204359	185	227
19258350	69	74
19607730	45	54
20964798	6	4
21124212	720	1185
22082207	5	4
22700318	692	678
25322557	94	51
26048542	5456	5485
26106952	15	6
27657066	7	0
28536618	2528	2629
28765524	14	23
29638784	54	65
33294574	16	28
33986233	17	22
34162957	38	39
34207768	14	18
34366735	9	16
34397902	3	2
34485292	4	16
34486606	13	18
34509628	13	11
34513966	1	1
34529428	9	13
35879184	18	53
36682389	55	279
37498185	2	0
37957589	37	58
38422103	180	82
39978818	3	1
40536926	168	109
41000053	70	123
42794269	7	0
43016052	3	7
43750011	40	10
44000472	7	0
46228403	8	2
46612154	18	50
48092725	22	34
49232935	9	13
49385053	2	11
51574131	7	8
51871104	6	21
53031375	2058	1848
54524294	8	8
54650168	4	1
55081376	3836	0
55106945	21	4
55153754	1	1
55245761	109	14
55269242	47	252
55437461	8	20
55474721	28	46
55492136	8	4
55607309	4	23
56090977	22	19
56273479	2	0
56343499	3	2
56809636	1	2
56929057	1	1
56984371	1	0
57087808	90	143
57297193	0	9
57559390	101	57
57568075	4	1
57627619	9	19
57948811	8	16
58055398	1	2
58075576	5	20
58547679	22	13
59870598	11	30
59978733	13	46
59990892	5	12
60018099	7	22
60036369	8	65
60047763	1	1
60077643	114	0
60113787	3	34
60217449	9	24
60429444	16	27
60472572	11	40
60495540	18	14
60541854	0	1
60582075	3	19
60740655	1	5
60842085	4	19
61219545	3	19
61246374	3	7
61251477	6	19
61294191	8	30
61296207	0	19
61392372	5	3
61423827	8	18
61454535	3	12
61528407	1	22
11189192	81	67
17160641	39	43
18029204	31	41
19033990	24	14
19267216	1719	1964
21868777	9	18
22008705	20	13
23750124	18741	17903
26135843	17	16
28236928	10	3
30406179	5	0
30700398	18	13
31141686	586	15
31224855	29	29
3192881	3	3
34199921	12	12
34409387	1630	1836
34437872	4	6
34459319	11	10
34499243	9	19
34519781	8	1
34539284	6	0
36593578	11	15
36688735	31	35
38430600	32	19
40487094	129	200
40591467	38	61
41678909	2	0
42220202	4	5
47213427	12	7
47221446	22	47
47228016	21	20
48201788	30	12
48506762	18	34
51247900	36	80
51374224	20	27
54578340	6	3
54622674	98	172
54680184	2	0
54753435	6	2
55026648	9	11
55661049	3	0
56368826	4	8
5649682	21	0
56577464	7	11
56593367	19	33
56728457	7	5
56735369	1	0
57536666	28	194
57548429	90	280
57594752	1	1
57654665	6	19
57715694	7	20
58097627	2	2
58188356	4	20
58477867	22	29
58729984	31	60
59663689	2	14
60099352	3	20
60168472	5	1
60305569	3	2
60334288	26	72
60408745	16	33
60491266	1	3
60617617	10	16
60719137	0	20
60802882	1	4
60819019	1	1
60875152	2	3
60880255	49	80
61229266	14	52
61278181	15	104
61355563	4	29
61387801	1	2
14444101	267	166
15301603	143	136
15769588	95	62
18017442	8	243
18615303	20	19
23361208	5	6
26650941	3439	1304
27533579	35	68
27688514	2	0
27818159	16	22
28998032	39	75
30615592	9	33
30991153	20	12
31047088	61	116
31452367	28	18
31631359	45	59
31945126	12	15
32268361	10	29
32728405	49	130
33352779	33	34
39361201	10	2
40239595	17	32
40388455	64	128
40679236	37	122
40734496	7	13
43122641	11	6
43989569	4	1
44021165	5	0
47040862	14	60
48455652	28	50
49269630	6	2
49531395	6	0
49834740	10	3
51375620	7	6
54164674	12	20
55039447	23	111
55346356	42	0
55723771	185	41
55864117	44	35
56086857	6	20
56528559	14	8
56775951	5	3
56891628	8	21
57378375	1	1
57395493	3	8
57677850	12	12
57848535	9	7
5788292	198	227
57975084	8	18
58231103	0	3
58486949	12	5
58576895	2	2
58809599	20	34
58839857	11	11
58878827	12	86
58967990	6	10
59479829	10	11
59848469	59	212
59895971	7	23
60056855	13	18
60058457	4	2
60117938	10	19
60162758	1	4
60185375	1	1
60319475	3	2
60348464	6	14
60369470	83	239
60590249	7	4
60702686	2	9
60728354	4	21
60809615	6	23
61007498	10	29
61266365	5	19
61314587	0	2
61327691	6	8
61385660	10	18
61403849	4	18
61436195	7	18
61456922	4	18
61540847	3	19
14500361	5	2
15689957	81	67
16521212	6	17
19235655	21276	22218
19248129	47	29
19566522	52	88
20004570	13	25
22470029	19	26
26353654	14	18
26627164	16	16
26908810	20	42
27922848	28	36
28873239	44	82
29079591	55	105
30653429	669	667
31278551	13	1
31665416	362	434
33359368	15	9
33804769	32	19
34183687	4	3
34339378	2	1
34471588	1	13
34554586	6	12
36737796	70	74
36977862	69	69
39361031	7	10
41126200	213	182
43043703	35	23
44045304	3	1
44084112	4	12
44200266	25	20
45823730	40	44
46528241	9	6
46940810	25	27
47137730	420	863
48273943	7	21
49084384	17	21
49683901	79	122
51419910	28	51
51564162	41	69
52534317	34	62
53395221	11	9
53516055	149	201
53533920	32	34
53755283	6	5
53832773	3	0
54026957	17	23
55559018	27	18
55940546	21	75
56665198	21	11
56767753	10	8
56940976	2	1
58300341	5	38
58972995	2	1
59866965	11	39
60059439	5	11
60062589	1	5
60317856	19	69
60354279	3	19
60525468	19	29
60637257	4	20
60881904	5	21
61008885	1	3
61062489	4	9
61068843	2	6
61097364	15	15
61189164	9	20
61217766	15	32
61363863	8	21
61392951	2	1
61414857	3	18
61546185	0	1
1250991	1306	219
14161800	2113	2203
14263050	231	169
16010283	15	5
16014450	19	38
17552153	173	106
18032348	59	24
18333434	34	29
18783002	21	28
18911027	5518	18
20623051	96	84
21036133	13	24
22310928	11	62
22750533	30	32
23122692	6	4
23273901	12	9
23540715	38	34
24137613	8	19
24621408	12	14
25375481	2	1
25591616	39	24
25940276	91	27
26155619	12	12
26339084	39	93
26441378	6	4
26700389	10	2
27851398	3	1
27893482	41	53
27905785	3	0
27927772	38	24
27953953	315	302
28072897	15	35
29246794	20	20
29795892	38	41
33960947	30	10
34380878	5	2
34387907	11	3
34475279	4	3
34476575	23	12
34478627	16	22
36786676	55	2
39180420	40	117
40777518	83	64
44009512	6	3
44023345	6	0
46028229	1902	2088
46151286	20	20
47391072	23	56
47462145	8	2
48081857	16	19
48645194	13	76
48674912	10	30
51572560	20	27
54065955	47	135
54940827	0	1
55062849	7	3
55374537	9	3
55630866	7	17
55863336	3	0
55928541	15	50
55971822	2	3
56396675	336	460
56496692	0	2
56545697	11	21
56593793	19	42
56888219	4	7
57378629	2	27
57463985	2	3
57928907	5	8
57959714	14	20
58163888	0	9
5879482	16371	16404
58868866	7	22
59040205	3	1
59882887	1	1
59984749	11	19
60143887	16	10
60485509	7	12
60556690	35	68
60643369	10	23
60725683	7	16
60743935	11	54
60780079	9	20
60781447	0	3
60806584	4	3
60807574	7	29
60885073	27	21
60973444	4	19
61075756	7	20
61218829	112	844
61396228	2	14
61495660	10	58
15021148	565	749
17500971	1387	1359
17915511	43	127
18045192	74	92
18145803	46	36
18241716	10	0
19258526	11	13
19468802	21	8
20054513	9	4
20113526	2564	2795
21135503	118	41
21500426	279	182
23563522	17	34
23725252	5	9
23943520	48	33
24307633	6	17
24471064	7760	8892
25169850	44	71
25345926	2835	1497
25508718	24	31
25951149	11	7
28860659	7	17
28937726	94	56
28978190	3	1
29795749	73	47
29828878	41	79
30818554	14	11
31683652	199	257
32195833	20	30
34195758	2	0
34253988	3	2
34279638	6	3
34931598	13	5
35548898	163	220
42958794	4	0
43002791	39	16
44532107	29	38
45820690	5	15
47285170	46	36
48139872	5	25
48167664	7	4
49615575	315	370
50501913	12	13
51343754	8	2
54651919	1430	1749
54777325	6	20
54913774	32	36
55081948	6	8
55142986	30	96
55517827	4	25
55605757	4	0
55642765	78	72
56000502	3	0
56775747	619	7
57769608	10	18
58242311	20	18
58321052	18	37
59200505	3	7
60197339	7	20
60399515	7	19
60457961	3	3
60471767	5	15
60896045	45	39
60931784	5	7
60970583	6	18
61099382	15	22
61476419	6	18
14300942	572	397
15021446	50	69
15259001	1948	168
15308033	347	153
17923351	163	26
17926150	7	0
18223447	12	3
19564734	11	11
19818813	4	13
19914339	216	867
20108145	6	10
20340822	261	183
22446632	180	246
22563416	9042	126
22803581	8	20
23355713	32	57
24086450	3460	0
25167529	4	4
25893091	116	32
28398663	2071	1816
32398181	9	19
32513939	11	1
32740568	48	58
33784675	53	56
33866782	32	30
34167958	188	39
34387936	5	3
34458199	5	1
34466848	3	1
35115402	57	80
35978928	7	5
39162620	27	41
41017240	8	2
43280172	7	6
43281081	14	7
43830450	155	109
43912710	7	0
45060561	743	912
46381706	201	332
47388104	1425	1659
47437172	16	20
47456513	26	12
47841209	11	15
48766831	65	109
50007931	19	21
53195217	24	5
54098825	4	9
55551776	5	19
55649282	71	73
55846337	956	173
55924772	9	1
56395948	5	4
56497693	11	0
56964757	3	2
57593794	8	20
57961588	9	4
59245020	4	14
59310360	135	239
60157389	4	22
60378456	4	19
60389247	10	5
60484269	38	125
60485718	12	15
60605886	0	5
60674538	6	20
60684654	3	16
60709908	15	81
60865248	13	60
60882474	7	19
60908664	205	325
60943494	5	18
61018986	0	6
61388661	5	4
61392972	4	5
763258	140	81
818185	22	32
12201712	15	7
15031932	16	10
15641421	41	44
16220373	28	3
17608730	449	753
18261248	19	21
19079626	134	99
19619068	50	55
21834310	10	22
22164375	7	44
22770057	87	117
22900926	6	3
23493063	15	17
23584242	16	22
24309219	477	1137
24835710	8	6
24987611	12	4
25195187	178	276
25795271	4	23
25840784	29	58
26462729	411	92
31298544	79	96
34489547	8	8
38164170	1	5
40781688	856	1191
43162156	3	0
43310377	349	400
44052391	7	1
45211357	21	22
46186092	42	53
46404927	127	127
46510677	39	55
47031759	95	2
47539431	5	0
49464287	11	10
49778171	3	2
49843754	57	76
49874066	47	61
50254334	10	2
52874260	56	72
53373607	16	15
53905389	3	1
53972970	8	21
54082689	6	5
54337578	5	3
55164489	7	6
55487418	15	20
55627719	4	9
56729894	2	0
57111212	3	0
58311271	11	29
58431421	5	20
58513042	1	2
58819999	9	12
58977985	2	7
59004208	6	6
59035024	0	1
59252221	11	9
59847799	5	13
60220000	16	20
60238957	676	991
60417589	8	18
60666736	9	20
60891349	2	7
60912985	5	0
60982177	5	17
61058587	130	780
61089178	9	17
61196692	2	1
61372399	12	27
9059342	167	77
9505562	80	68
14362432	309	266
15450514	3	1
15606520	21	21
17250675	27	12
17466315	62	93
18260709	17	17
18622293	70	109
18702825	1	0
18862044	50	174
19336955	11	10
20190137	470	518
20255090	6	14
21422156	17	7
22265626	4	0
23192563	37	27
23562580	18	8
24186082	454	469
24241288	22	24
24450745	127	176
24605239	28	70
24636235	194	544
24938049	39	114
25835349	43	38
26532759	142	125
27965927	84	55
28079939	9	36
30189592	30	29
31194856	248	331
34385877	11	4
34497756	4	1
37621516	14	21
41360331	1	0
43022918	3	0
43772330	8	4
43810490	9	10
43816106	4	0
43931108	3	0
44015447	4	0
44094224	432	988
44134490	160	67
44142275	17	19
44471711	5	9
44710049	24	14
46490608	8	12
47150947	79	73
47704690	5	0
49621878	6	4
49846527	1	4
51157646	39	46
51176807	93	125
51648146	15	20
52362584	27	25
52392941	1	15
52981208	8	11
53657135	2	2
54648538	15	36
54747745	13	46
56845869	5	8
57686496	3	20
58810205	1	1
59113073	14	5
59879885	1	13
60259478	16	18
60329993	19	21
60494945	1	1
60546785	108	36
60585728	229	121
60690389	0	2
60836567	197	228
60839924	5	7
60942479	9	29
60958625	0	4
60960776	8	22
60963476	18	59
60978272	3	5
61257758	6	16
61379627	0	10
7145152	211	505
14092703	1230	2719
14135156	103	41
14712920	21	28
15041285	28	22
15409241	1377	1351
15437213	67	77
16272512	26	22
17568034	29	27
17622646	197	227
17720926	7	1
17833246	452	566
18822481	16	28
19658418	2	3
19683627	4	4
20305671	9	13
21117273	1354	27
21182820	132	7
22060895	122	39
22243694	190	145
22726445	110	554
22993304	243	112
24754064	103	56
29518001	7	9
30698426	13	20
34186978	8	6
34298875	62	117
34364989	6	2
37136031	6	0
39282512	60	48
41702602	3	0
43311972	5	0
43470264	5	0
43734720	30	14
43823343	8	0
43901670	8	0
45224832	82	91
45409035	20	20
47207549	18	27
47392346	1224	1607
47582291	4	0
47615753	17	34
49476916	61	71
49628818	3	5
49674745	11	21
49905955	9	26
49906891	11	11
50530807	9	3
52326288	814	152
53446806	1	1
53607339	104	129
54489329	4	7
54536867	8	3
55367657	5	2
55459835	6	0
55485638	22	37
55633868	46	60
55855097	10	9
56789188	4	0
56999590	12	20
57494878	8	18
57789772	49	93
57819877	14	0
58302822	2	25
58307403	45	82
58321722	5	22
58403730	5	35
59002266	48	39
59144313	1	2
59151432	20	12
59161242	52	68
59390202	5	0
59802312	9	33
59888778	2	23
59976987	25	183
60396783	24	32
60479475	34	40
60683586	275	815
60775647	16	2
60811998	6	19
60868365	7	22
60886428	7	20
60898407	5	0
60993708	11	19
61174788	14	63
61190898	3	2
8525312	6	0
11969852	18	1
14080617	2	1
14253480	25	11
14752233	3	10
15361641	91	133
15380244	43	30
15431922	21	10
16221285	140	134
16741017	51	61
18218762	1619	2027
19066588	5	16
19810987	0	7
21813640	9	74
22058538	248	149
22890480	328	211
25801799	91	197
27819994	84	10
27927868	19361	71
30179982	24	65
34403201	15	2
38015583	8	0
38491521	1426	279
38648013	177	456
38940027	18	8
41052533	73	84
43512358	6	0
44341573	72	110
45124195	99	63
45404824	44	25
46127991	4	5
46932870	24	16
46946280	501	1217
48166679	8	0
53173954	5	17
53379235	3	0
55121001	13	8
55167957	10	25
56709989	1	0
57698738	6	23
58320751	53	100
59041912	1	18
59202373	10	18
59315008	30	99
60598573	2	1
60828847	6	22
60933877	5	15
60959617	45	76
7308342	17	0
7660422	37	1
889181	14	1
14095036	90	24
14185900	27	15
14214862	74	60
16136704	9	4
16722703	258	212
16732126	15	27
17329059	41	29
17875053	3450	3044
17981136	112	105
18336960	36	85
18653814	96	134
18724545	1	7
18724707	8	8
18733554	10	8
18943038	51	75
20075570	27	17
20391173	109	95
20663063	5232	5361
21422339	25	27
21533813	16	14
23394607	37	28
23609914	12	27
23693650	120	274
23929126	4	0
24959841	1983	26
30809767	50	52
30888841	110	19
32588176	7	4
32880694	3	1
34162101	13	1
34204050	16	25
35190242	270	34
36462005	5	0
38542183	10	4
39024727	7	10
39822046	4	1
39823531	42	33
40261201	9	14
43482335	7	0
43768031	36	31
43770173	16	6
43906235	14	11
44025845	31	16
44067632	6	4
44071583	6	0
44093273	5	0
44700368	165	149
45284720	269	237
45307823	92	91
45415490	76	100
45683752	25176	14
46068439	494	470
47691670	13	13
49991376	42	114
50125584	13	13
51797603	16	15
52515668	6	3
52753943	12	31
55379197	1	6
55565839	39	60
55657783	3	9
56123214	29	0
57062301	2	1
57522003	13	19
57594978	10	20
58215416	3	2
58326323	8	12
58415135	54	37
58426403	8	20
59214227	13	40
59223461	4	5
59321930	12	16
59382302	4	18
59413037	10	16
59530154	0	7
60808589	1	3
60916994	2	18
60955397	6	19
60992558	4	4
60999731	9	40
61393598	21	63
6512132	47	0
7753132	14	0
7824502	9	1
10123222	84	61
13225242	8	2
13704222	14	0
14483306	3	7
14714327	156	107
14714408	148	78
14717603	58	46
14812562	5	6
15130937	30	62
16094900	15	11
16908652	466	208
16952671	2	8
17883316	102	273
18119782	2	1
19885374	129	544
20407239	484	365
20526219	10	27
21709107	207	248
21721491	5	15
21829311	14	26
23199272	1226	1802
23723738	40	16
24621956	77	69
24647921	137	271
25838656	6	11
30004121	145	25
32149499	39	35
34300126	10	16
35007426	50	41
38245526	56	59
39683204	4	15
39820652	3	0
40045031	1470	2327
40601150	3	0
41653402	3	0
42322282	7391	8023
43196451	15	6
43260972	9	1
43571643	9	0
43594530	575	375
43743264	5	0
43750572	10	3
43804428	91	26
43814166	7	0
43834236	7	0
48799552	40	77
52325958	21	22
52756473	9	10
53338197	4	4
55023101	12	6
55569953	9	0
55993745	2	1
56262013	3	1
57800122	6	16
58197889	325	755
58621821	4	12
58941141	35	38
59122329	3	2
59202492	20	40
59207352	10	12
59300484	7	8
60749775	4	20
60772797	5	17
60828678	5	20
60859269	2	5
61211031	1	2
61327989	12	34
61427997	2	19
61477749	2	8
7226732	131	0
8642162	27	5
14512287	2871	4
14613474	10	8
14861910	51	59
15046329	1419	427
15832092	315	235
16051881	8	10
16165641	18	53
16291902	12	0
16343706	153	121
16355307	10	18
17288075	49	71
17297228	18	20
17647274	56	62
17806295	25	14
18082667	18	45
18266915	5	20
18279830	10	24
18568172	1	7
20098720	9	10
20145277	42	38
20242549	5905	534
21457414	65	99
21609622	158	108
21631852	171	104
22336776	224	83
22394178	20	15
22747932	346	223
22862682	46	34
23272776	120	132
23707665	693	293
34433210	3	11
34700141	16	42
36211348	71	75
36744013	70	25
36898789	21	2
37038070	7	0
37203193	48	70
39076812	4	1
39283056	16	20
42004934	31	44
42445340	3	0
42452072	28	20
43249516	30	1
43462384	2	0
43476244	4	0
43608634	8	9
43775305	0	11
43835056	9	3
43961353	7	0
44027278	7	7
44067148	4	0
44074186	94	22
44181880	3	4
45049237	4	1
45283903	43	25
45689622	35	47
45985623	13	60
46871970	7	1
47339790	60	30
50801387	14	30
51767518	17	34
52193893	14	20
54150021	7	16
54497766	7	2
56300165	3	0
56524301	6	1
56979848	3	0
57400019	1	42
58824106	5	22
59115544	4	17
59119603	12	21
59135911	1	21
59212654	8	18
59220727	24	39
59242417	2	1
59273233	2	0
59612092	3	7
59660170	2	29
59742241	2	0
60315001	13	19
60987790	4	15
61111132	9	1
61299667	6	15
61310140	15	8
7379202	1	3
8038092	76	82
14704708	780	824
14922058	29	46
15410596	183	104
15505843	15	38
16354228	373	12
18296319	54	158
18538626	73	124
18763527	4201	4555
18872706	31	24
20177327	4	3
20186912	30	46
20261468	939	1139
22157587	86	69
24591619	20	3
30989824	17	30
34212513	42	68
34895697	408	381
35620319	400	899
36147431	11	6
36293420	17	19
36513632	42	32
37507672	5	0
37718650	9	39
37870660	8	1
38435167	5	0
42216255	7	4
43097156	3	0
43129943	12	10
43329257	29	55
43690760	43	48
43919360	4	0
44340677	47558	54
44717750	6	2
47078773	17	8
48594966	64	26
50364339	56	113
51645794	4	0
53592953	12	20
54202105	14	48
54898735	22	9
54977539	15	16
55947577	3	5
57164211	11	30
58343831	51	21
58372028	2	4
58532138	267	366
58628132	1	13
58701923	4	5
59036093	33	98
59045246	5	16
59251175	1	0
59268014	6	21
59370650	6	10
59460092	1	1
59515262	16	3
59742611	4	2
60412202	100	457
60677489	4	11
12790212	18	15
14089604	1808	1466
14319086	40	46
15262187	14	21
16134773	2	4
16876921	1	1
18256909	0	1
18271867	6	6
18333859	130	184
18416659	14	10
18866272	11	24
18868180	16	46
20781309	21	17
20861931	36	28
21451575	57	59
21752526	3934	45
23681387	1	15
23758760	3	0
24462893	3	61
24646457	13	22
24703994	31	35
29590034	24	26
30499874	15	35
33300652	100	162
33423070	1200	2014
34280032	5	2
34350304	7	14
34502152	12	9
35724171	6275	4322
35821335	12	21
36111891	43	128
36320754	6	2
36700176	53399	37
37646912	476	494
37728533	24	37
39095903	11	53
40801313	31	50
40888949	13	30
41121676	23	94
43438446	67	47
43570872	646	561
43597341	7	0
43792524	7	1
43834671	9	0
43931529	8	0
44047287	17	19
44052597	8	0
44079345	5	0
44577324	303	498
46249478	68	83
46953368	485	857
47579570	7	5
47659148	3	1
47955347	17	23
48230221	40	38
48997780	10	7
49818868	7	12
50178346	3	1
50973037	9	26
55792589	15	49
56231290	4	1
57010663	7	19
57051163	9	7
57140416	3	2
57225241	6	6
57500353	13	5
58052404	8	28
58202955	76	23
58225653	0	4
58341087	18	112
58603068	9	17
58611726	2	19
58708602	5	6
58711635	6	20
58716045	6	17
58716126	27	36
59159223	65	73
59205186	0	1
59261436	1	3
59282307	8	1
59296041	1	2
59305833	2	1
59314356	12	63
59355801	5	9
59460084	11	18
59671170	1	1
59702292	13	41
59722803	21	14
59912145	3	1
60496779	9	14
60502131	1	0
60976947	7	18
14780337	451	1994
14840673	17	27
15657207	88	61
16248165	117	101
17731958	3	3
18399029	8	16
20077816	28	48
20135587	4	16
20490475	100	65
20562367	14	18
21728317	26	28
22649178	10	25
24998582	88	88
25197977	13	34
26781959	7	3
29441850	2135	2151
30150051	18	48
30499659	15	13
32499549	9	11
33710090	30	76
34410173	6	1
41670308	8	8
42575051	3	2
43197814	4	0
43573267	6	0
43590367	25	31
43792462	19	20
44161588	2	1
44232886	4	1
45084196	6	4
45171991	592	419
46507968	330	908
49972958	132	0
50497172	68	86
52858393	128	407
53185786	20	36
54041340	9	1
54678498	6	16
55875858	317	288
56202473	13	22
56232272	12	20
58042046	8	20
58318282	8	0
58505194	8	15
58547323	3	10
58647304	22	43
58681432	4	18
59004892	2	2
59023774	3	5
59027716	4	18
59212981	24	68
59226724	12	0
59461345	4	14
59551714	0	1
59611177	5	28
59641057	5	13
59843224	25	35
60370102	24	35
60798928	28	0
60898927	12	46
61040161	1	0
61212511	3	19
61340401	2	2
7840482	7	4
10131552	39	40
11051712	24	14
11222802	4	1
14218198	145	159
14452765	70	21
14778430	609	446
14809471	14	17
15374716	132	54
15485434	557	131
15551458	6	1
15626617	15	16
17210100	4	4
18963870	7	6
20294825	26	48
21719039	391	485
21821549	26	32
21836930	65	33
22992880	130	204
25728996	115	45
27958988	89	92
28423331	3	0
31009300	3	10
33081342	81	67
33735210	49	52
33852012	974	1406
34543032	1	7
37110497	249	335
37180490	32	20
38165629	61	84
38547625	76	107
39198442	5	1
41800845	22	29
43193585	5	1
43954166	2	0
44657507	15	24
45242948	8	0
45999037	24	44
46991926	4	1
50099355	0	36
52198739	7	4
52365788	13	11
53202011	118	335
53955988	6	3
56046252	69	357
56086230	0	3
56128530	10	8
56332038	18	2
56393013	5	12
56630073	10	0
57032742	92	109
58248227	1	2
58367090	2	1
58493090	4	14
58555136	3	22
58577132	12	46
58846124	12	6
58913174	1	1
58950605	4	8
59069423	11	20
59132189	3	1
59170358	11	15
59294315	5	21
59319821	6	0
59572127	9	3
59572190	8	7
60123422	4	11
60400064	62	312
60417200	6	5
60733010	3	0
60899792	3	18
60939968	2	3
61123700	4	12
61171004	14	7
6433622	183	110
7404892	10	4
9359862	7	0
9985092	38	105
10227502	55	44
14169446	1	12
14296544	18	25
15357158	19	7
15372575	26	16
16987750	28	87
17580949	458	363
18198853	186	143
18299095	34	55
18463669	453	172
18869830	76	100
20365836	16	11
20497335	8	5
20629581	3	1
21272568	44	156
2442511	105	216
24815876	5	3
25865779	32	37
28304406	118	121
29038113	29	34
29450384	150	263
29911094	19	52
32050700	12	25
34270207	40	43
34390213	5	1
34474300	17	0
34523431	11	5
35970054	13	44
36323664	104	100
36912246	12	8
37054617	8	0
37230378	9	4
37481181	7	1
37757507	4	0
37855319	7	0
38393924	17	20
38880581	11	7
38897015	57	53
41063629	4	0
41092195	20	12
41266732	16	31
41547262	14	35
42395404	5	5
42672325	9	0
43326786	4	0
43708944	25	54
43729509	7	0
43971078	5	0
44296374	6	0
44296473	8	6
44398065	7	2
44480199	50	36
44660388	34	54
45195681	22	153
45749927	13	16
45984755	236	59
49879396	4	5
50864707	66	301
54521114	1087	1052
55312043	7	0
56356042	23	21
56374231	3	1
56417701	4	0
56762122	2	1
57440380	19	22
57822223	7	20
58266561	11	24
58380735	7	20
58457208	2	1
58462851	18	23
58613925	5	19
58623762	5	17
58732743	1	7
59149254	5	6
59226843	23	25
59241297	12	0
59430765	50	126
59447244	9	36
59464731	1	5
59820087	29	74
59838411	17	25
59941713	212	597
59983203	17	16
60224160	9	15
60923100	2	13
61103307	5	28
61311243	2	11
6153192	174	248
7762292	74	61
8233892	245	499
12710872	72	59
14277483	3	3
14975424	12	2
15761466	84	44
15780681	103	179
15900777	35	38
16158591	872	1952
16173594	20	29
17128889	8	24
17978327	24	19
18483947	12	16
18737972	193	4
19020307	17	58
20474728	116	103
20496355	9	0
22647867	20	11
24555939	244	97
28167103	19	63
28331038	8	44
28415332	16	15
33713342	11	10
34045631	15	11
34209305	3	24
34440434	20	16
34540442	19	23
34861004	6	12
35671318	92	414
36527281	7	0
37406923	13	2
37855590	20	23
39469092	14	25
40572231	8	10
41756054	3	1
42441863	13	21
42695051	5	0
42697031	5	0
42944720	16	21
43458790	2	0
43739905	1292	27
43982518	3	0
43988251	5	3
44058577	5	0
44437486	20	22
45245695	298	438
47392797	21	35
47399763	9	0
47469954	26	37
47917686	9	19
50757086	257	230
50796623	546	870
51469579	4	5
53713140	0	10
55611105	7	10
56145506	57	71
56663321	236	621
56710445	7	21
56770331	8	20
57059240	1	1
57093701	0	3
57712154	15	37
58085141	0	3
58265824	4	22
58489141	97	70
58562932	11	0
58579312	1	3
58635472	3	16
58777402	2	0
58782244	7	20
58820881	3	20
58920970	8	17
58929601	1	3
59084932	3	3
59244178	5	19
59255563	9	7
59268244	1	3
59431738	3	0
59552428	5	7
59666071	3	20
59762137	31	72
59852650	3	21
59900395	0	1
59932336	0	32
60008431	7	23
60020671	44	171
60021391	22	29
60111931	8	23
60531205	3	0
60600721	11	30
60711601	3	20
61062007	35	27
61230208	12	25
61230217	1	0
6262732	12	42
7771572	233	265
10403562	475	53
11423352	19	25
14349934	65	3
14565484	69	29
16727950	44	42
16892784	197	201
18551898	4	10
18996840	679	158
21259457	160	75
21291947	8	0
21446882	103	142
23863678	64	253
30323602	23	0
31521214	11	15
33024609	68	36
34410726	11	21
34411095	6	1
34446015	77	88
34530921	6	1
35299610	9	6
35828009	130	254
36336266	16	28
36579311	59	69
36870128	42	23
37212848	162	202
39168682	4	0
40265521	103	95
40529041	21	41
40744312	10	5
41639370	4	0
41750583	4	0
42821592	6	0
43565954	35	8
43576538	3	0
43593962	2	0
43629764	53	141
43761983	10	19
43822967	6	0
43839824	7	5
45215897	85	91
45509675	34	15
49162032	6	25
51988871	13	19
53705302	35	53
54231424	25	116
54380410	300	1213
54680002	10	0
55432321	3	5
56111694	3	0
56115267	2	4
56129334	2	6
56181615	17	244
56226363	8	20
56468220	5	0
57815142	8	0
58007706	40	61
58016805	3	2
58398602	3	20
58435745	5	29
58507394	1	7
58706915	2	1
58735292	8	21
58857053	16	20
58955252	34	82
59044964	1	3
59119880	25	51
59281637	3	17
59423576	152	448
59684045	1	6
59732168	5	0
59756270	45	4
59764127	7	20
59862434	4	20
60480410	7	11
60720431	1	20
60800171	1	2
60986969	1	1
61030481	9	13
61034621	20	26
61044800	9	39
61093121	6	19
61450511	4	7
7943482	13	0
8291782	84	44
10065622	50	73
11004592	34	40
11753302	72	77
14376188	4	10
14764655	15	12
15379283	28	8
15419387	0	3
16229855	25	46
17772985	54	124
17880868	124	82
2074441	26	0
27061392	67	62
27156441	13	3
27344415	8	17
27404913	4	1
27661143	15	20
29142903	83	225
29454293	1586	1776
33721642	7	19
34216732	38	43
34408801	14	4
34422148	2	1
34474231	13	14
34533631	8	2
35585460	46	83
36498141	7	3
37367433	780	728
38299670	25	21
39756464	53	111
39799025	668	54
4000981	31	26
40083092	14	8
40270445	101	111
41676307	1	0
42066844	2	1
42096373	16	8
42249319	33	16
42837820	16	19
42972127	5	0
43716399	15	23
43729854	7	0
43768149	9	1
43975365	14	21
44358576	6	0
45238695	10	3
45798368	11	4
48052360	16	34
50954629	33	43
52420005	6	20
5274291	17	4
53121222	9	24
55260260	9	6
55522016	2	2
5615382	59	44
56255632	54	0
56523571	0	7
56964103	6	0
57041566	9	21
57921334	7	18
58194250	0	1
58488153	22	18
58619445	0	2
58681752	31	210
58751853	2	10
58803585	0	1
58832961	3	6
58892316	166	164
58909920	10	13
59116587	7	19
59238546	15	29
59284680	2	2
59289333	77	169
59348841	2	3
59381853	9	9
59415954	112	249
59426268	9	13
59439705	5	9
59553159	13	36
60230346	38	92
60385020	10	23
60401319	11	19
60403353	2	2
60732123	3	19
60782100	8	6
61024083	2	4
61243602	4	21
61362510	5	20
7446782	60	45
11530292	4	1
14589516	34	48
15319848	400	291
15892293	26	0
16568742	30201	28
16734954	1445	923
17991884	6	6
19242142	5	10
27272308	74	27
28170274	1021	1965
29443449	106	87
29580348	13	8
30111807	76	125
34181066	16	0
34208813	88	15
34345451	8	8
34461218	23	13
34491062	3	1
34507811	7	2
34523561	14	4
37320499	29	40
39189636	39	9
39990681	18	9
40076019	4	0
40164705	4	1
40329900	38	53
40514067	250	184
41388056	21	33
41608970	631	2126
41758730	5	1
41943059	11	3
41950718	38	68
41978600	106	149
42733592	133	59
43758691	6	0
43834399	6	1
43988902	3	0
43995328	1	0
48258020	19	37
51979792	25	18
56409047	11	22
56409344	8	20
56475440	1	5
56718242	155	192
56811185	13	30
57029624	14	39
57264713	9	15
57278213	5	11
57494204	3	5
57575060	2	1
57812570	4	17
58009562	1	0
58165424	50	7
58173434	7	21
58497307	6	7
58524568	3	3
58563196	9	16
58683355	23	78
58810759	6	9
58867045	7	6
58912981	17	27
59237791	3	9
59482429	2	4
59518735	10	0
59575813	1	1
59637094	10	18
59801695	144	446
59936191	27	84
60009073	27	0
60031267	51	44
60046351	4	17
60193402	3	5
60380242	2	2
60521254	10	21
60523522	113	115
61006228	6	21
61031545	20	101
61131463	10	13
61202545	2	3
61232731	14	6
61482103	5	20
61510525	1	2
12457922	191	102
14247868	315	444
14716777	329	177
16546945	86	120
16895856	33	25
17589837	5	4
17959809	72	64
20645885	16	3
21485585	47	41
21957626	259	1
27191156	79	80
28787000	70	76
28906133	3	0
3107931	1611	14
34161285	7	1
34300587	15	21
34312917	397	641
34396104	2411	2345
34432482	10	5
34538223	6	0
34542435	12	6
34550481	14	23
35194646	4	51
35816348	141	57
36366293	16	22
36770726	5	0
36821747	7	0
36983045	15	22
37065548	5	20
39470797	36	8
39617497	30	25
41564556	117	217
41867262	2	1
41874075	31	37
41892453	33	80
42293457	3863	4398
43573796	2	0
43747883	5	0
44809388	754	750
45226889	87	91
48120951	1	14
49076211	58	279
49351107	13	1
49526031	22	42
50546859	15	31
50798742	5	15
51969776	13	14
53171102	35	52
54041644	58	319
54207451	1028	0
55332064	17	13
55351351	3383	1
55800217	133	340
56156454	15	72
56163870	9	7
56664207	10	6
56940462	7	16
57065337	258	103
57097530	9	20
5713592	1	0
57174642	2	0
57252636	18	5
57553641	10	17
57691440	2	3
57782610	2	8
58025817	2	23
58028283	4	20
58268636	1	0
58355945	21	18
58358609	1	2
58419836	6	16
58563188	8	20
58563665	20	2
58570388	12	30
58636493	1	2
58746617	26	45
58892714	3	17
58931882	0	53
59055929	10	19
59198921	2	4
59475482	52	65
59695235	9	39
59796314	18	30
59815736	380	1108
59833547	3	1
59929550	10	20
59965451	12	19
59972831	2	2
60036461	1	0
60120368	16	44
60224930	0	9
60270722	1	6
60466400	2	11
61020782	2	0
61081442	104	933
61083242	6	21
61180181	2	4
61221266	5	27
61342244	7	34
61473203	7	10
8294692	28	30
